-1333313333333, , 188

4103338313;“ Ι .. .- ”,ε’.41’11333333313331’(333.Ι ,”.”Ἠ
Liber, Tit. Lex. ’“ ’ - 1331333,111.’Ῑ343.“ “
111, 21, 8149. ’,11, 1, 1. 1929. .. .
33, 3. 3333. · h, 33, 33. 3333.. '..·
88, unic. 2189. ⁴, .‘ 29. 8188.Α ’
33, unic. 3333. · , 33, 3. 3333..
33, 333333. ’ . , 33.. 33.. 3333. ,
33. 3333. ·. 3333333333. cap. , ';. ,
x, 11. 9057„ ,· , „ ‘1v‚ 3. 3333,
18,33313.2102.“ , IX. ’. 8818.
19, 2. 8991. Ἰ . 110111, 4181. .
22, 8. 8881. J 01, 1. 9811. ” ¹¹⁴
33, 33. 3333. , · cxl. 3313. ·.
33, 33333. . . exv, 333333. · ῃ
xl, 3. 3333.. ’ ·:‘ 33333.Ι 3333.
·· 333333. ’33333333 ,,
, ..- 33333. 3333.
’ ι(11113. 1114. ·““’““’“ ’

0333 13 1131333 11 Germ. 33 111. 8040. 0333 1331 Burg. 1131133313 van ’t 1333
033383113313131111 Β331311 333 11 1820. 8482.

11331818, 331. 128882. . 0333 1331833.113183313 3333 1890.
033313 1131333 Art. 219191911.

. 21 Dec. 1811. 9181. 142. 8924.

121331 1828 (81131. 39. 28). 8198. 1098. 1288.
281133. 1881 (8181. 11⁰. 18). 8148, 1288. 2881.
9 1311 1842. 4911. 0333 13 11311331331331333333333 133·-
22 1131 1845 (1133313 8313311333318111. 33113333, 333. -
18 Aug. 1849(33333313113833). 8181. Art. 2. 4844.
291331 1884 (8181. ng. 102). 5922. 9. 8891.
9 ’ 188811111. 10. 1111114111.7 03131 1111811333. 11318331 333 ’1 joar
0333 1331 9331313331 op het 1331331 133 1881, 3333313133 met dat 333 1880, 8928.
ἷῧῆ33113ὧῖιᾶ39113113118(3318.108108, BQ} 1ὲ32124Β1323ἔ4411318331 333 1881.
(133313113113133331133 133 333333· 11, 11112. 1410, 2891.
11311133 33 8333331131 3333133 11331 8. 8888.
33381313 (33128). 1911. ΙΙΙ, 8. 8888.
033313 03331331333 lV, 4. 812.
1898,1808,1814331818. 8488, 8488. 1. 2851.
1818, 331. 208 (33113133). 8842. Art. 18. 8909.
1848, 331. 194. 8849. Ι 184. 8888.
03331330313113331333. 841. 8418.
Art. 4. 5492. 814. 4884.
2081284. 888. 8280, 8412.
849. 8881, 8888, 1888. 918. 1818.
811-881. 1284. 989. 8412.
888, 9282. 991. 8889.
8898981284. ’ 1029. 4884.
848. 408. 1181-12. 2848.
841848. 8411. 1188. 8894.
· 1894918. 1228. 8128.
159. 8882. , 1228, 80, 84. 10011.
1909. 8984. 1802, 08. 1810.
1920. 8128, 8984. ” 1401, 02. 4891.
1048. 22. 1408-08. 10088.
1825. 8091. 1840-48. 1891.
1888. 4919, 4980. 1884. 8828.
11881982. 1888. 2989.
2089. 888. 1909. 9808.
2184188. 2014. 8101.

031313333432314311933338 4313333333.

 

